$ANSIBLE_VAULT;1.1;AES256
38366130303963326630616163393637353736633165656464393663373839343063323030373433
3133393734396530336263363833353536626663616464330a633162356666303932346437636531
31663565343861663038313939393665666663613539663832643737633936353738373537636130
3436393533333230320a346637306561396438663530613263613932623665363832343361373466
63653733333835393066303562646631663366623265303962363736663062386463393266623537
30313333343065656138643938663763383537303730653639316462343261616537633532306431
30656566653235663164316435393038646365636262643765346163633465616366323830663833
62323438653864323938343238303534666662653536656535353862353666383531353531666535
34613132643732623332383066336637363538373266353230643165313531316263383965353034
33363130383535386231353931633465616164323665633535313239353432373333343263653764
33373938653762303862356531663438393535643464613234653133663538316637353331656638
37346331313332653865363461323639363265323238333436616665346266336434633062363737
62386537636131333336653063633733646231366634326335313161616134623234623030633763
30383736376662663438353134633734366433656566663662383537616362626632386630326364
34346566356231643532616566353338303965636630343365326130656664623138373934643666
65373065373233663663313362666634356632636334656638376531303935363663643135323063
34323832303535646438336638626662316635313734383231663261373430613331393634396430
65646434626266303463616362303134333563383163316365643436336631613537636339656136
35643465623433616633383532326462376538653432346638396161386539393231353230656435
64646535303138336335373562386630336334373165636162376330646336633931343838626664
65303739323465346161313133303934623264343936633162383831396633303364303161653561
31383838633138323434613661653465633234373530363866336533323233333866636533383264
37386637356636326631646435663462356636366137303038616330316332323130383735663131
66653631666239613334353737313865643737303332336566656334616632653332366462313631
62653031323561663933356235333837343035306234303036376636303762376432383737313231
35383661643165616330663662303431653230323538366234626163333161633631666437626335
63653135353539363534306331356461613937323864613137346431346230316537373535346638
32623164653434633434346261646132303132313266323861366635396539393735663463636233
62396438376533633231303433393733656331373338613064346236323765303961323332326566
64353765336263333064306638313439623237386635383333326664656662663134623165653366
36346164343765376238323034633362656334333962333034643837366164343635333861386331
31663938373734616462393330656263333034333231623663316232333862353135633438613734
63613433383063306261396534616130313162353433326435333131346538343035333538663665
64373831366333396432313765653532386666323661333935613338393262366633656135663166
63636265653563613338323537383663623030303433663732323339623166633335326163656236
31643932396566343930326432336261396136653765343562373537323563303339376634356637
33643137363330666239313839393533663135303639336434363862396533326663306165626232
30636266663865633534306139333161653637663635356661666536373239336564326236386130
35393330643066373331366162346237633632613734303530366566653534303539366666626538
65613766643863326233646137383865303939653263633131336238646433366662393862376134
30663539663866396230333136343266306134656435643164373838666666376430363532613966
38623364396133643332636333306539626133383565383834346636636366336363313461616435
30633134663234353166343632303232353832316639353231333834663030386664316363396532
36333038303833623537303537616531646133353630373930323834333463633365383833663864
33346237666539386664633432616533353361646539643333313664353835393461616131326437
65613939383465636434363261653233653735383463333430646538343731653437623539363334
66326433653164326361653535306565656539373537316131313666653238643830306661323263
34346133656435666435323665316632616435326335383662373038623538653732316436336332
32613534376631383065323264383431396166623736626430316436353935656534326130373966
37336661656530663330396631663031623433303863656461333936313731363031393833313966
62636465363936313033633861663063316535303332393338393636346366353939633363353664
30353437323633323433613432623236646338656435666163396639373163333435633536393136
65656131353064363465306334373461643239613862383635646439373332613932363939396230
37356538366236366237633632636139636465633635363164336639303235316466623838356364
37653665393236313230633533373736383133366430663132623930303737396564346565663464
31336363386434633162346565383232353766633435363536666333313037373730653938623731
31626438616232343830616634353136663463363266616161316664366134356435353337306235
36653639663463303863316163386134643566326234666164396335626366306665626665643831
35356564646232303133636230316532396531316366303263343666333933303162393835383439
34383861363665643431376235626166356533303966616464633230376639656231316338363530
33366132343663333338346439323265353633663763323461653361633939306430646432376534
64376531366230336532636638326337303537643734326265613561376234613838363133616634
39356266356532623630343464353033666333343536376131376137393465336330376139626630
30626235613863623065643233633265333762616464633832303263383866633865366265303839
35353730363265616334316566643634633366323663656661306265316262613135653538656437
37653863386437396239646532323534643861366639393334396238303161313033663038343830
36613665613132646332326632326535313136636364353036646535333234333434306631646231
66336233646166376233343232336334323930653236333133616465643761353061336533303363
62313763336364343931663335363739623261306134646136353061613738313039343665373139
64376265306438633363326564626635363836376664646433323334666438373761643531303434
34646263663366626439313634633337353630323633363730356562373163333537333634363339
35386531643661663330626530303434373339643232643662373831373437343337316438313630
32313739356663323935313964656238383230353036613836393862353237326362353132616639
62376534323030623362346130623464303837643236366231613237346366656631386639333766
31373434623535656532393761333630383139306332623930353466393965303338656139333964
32663262343565373235333361333832353164666331383261626436363532383265643531613336
34363562646265303538393863363362343633353834636330393838303861343963346265383634
35343032616233393866323831313763366536356432396332326261613038383439353464626339
66353736666536336536663965373137353630303331306265336338303036613361366435346131
37333339383463636562646634616232316364396434656539396232333464383864393332303430
62643634626232613931656635663662303433393063333232636539653566663135663962623565
38326138656563633862653739636539653837336637346164363130643864343661373835326635
61373133343632313934316138323563346464643338303739373034353033626134663065626333
32323666636537373633373531333062323763653638393539633535353639303332626666383631
30633466626134343132323930303466386534353431343763623535393266383933613534313961
37366637666263376465316430333765643935373537656364386333646637313936373462306563
64653839633038646464393466343434383039393337656235653931333435613135663138313038
37313363363039376665353764626536353565346261613831343566376463373635343132653063
33363833326363303536363231666137396464633361643462303130663163396630
